0 0
0.092103 0.86751
0.18421 1.5889
0.27631 2.1189
0.36841 2.4318
0.46052 2.5215
0.55262 2.4004
0.64472 2.0967
0.73683 1.6511
0.82893 1.1118
0.92103 0.53053
1.0131 -0.042312
1.1052 -0.56135
1.1973 -0.98954
1.2894 -1.3004
1.3816 -1.4793
1.4737 -1.5234
1.5658 -1.4411
1.6579 -1.25
1.75 -0.97513
1.8421 -0.646
1.9342 -0.29384
2.0263 0.050979
2.1184 0.36135
2.2105 0.61534
2.3026 0.79747
2.3947 0.89939
2.4868 0.91998
2.5789 0.86472
2.671 0.74474
2.7631 0.57539
2.8552 0.37464
2.9473 0.1614
3.0394 -0.046058
3.1315 -0.23156
3.2236 -0.3821
3.3157 -0.48865
3.4078 -0.54651
3.4999 -0.55529
3.592 -0.51862
3.6841 -0.44344
3.7762 -0.33919
3.8683 -0.21683
3.9604 -0.087775
4.0525 0.036983
4.1447 0.14779
4.2368 0.23695
4.3289 0.2992
4.421 0.3319
4.5131 0.33501
4.6052 0.31089
4.6973 0.26387
4.7894 0.19976
4.8815 0.12522
4.9736 0.047153
5.0657 -0.027835
5.1578 -0.093985
5.2499 -0.14675
5.342 -0.18307
5.4341 -0.20145
5.5262 -0.20201
5.6183 -0.18627
5.7104 -0.15692
5.8025 -0.11752
5.8946 -0.072139
5.9867 -0.024942
6.0788 0.020109
6.1709 0.059578
6.263 0.09078
6.3551 0.11193
6.4472 0.12221
6.5393 0.12176
6.6314 0.11154
6.7235 0.093253
6.8157 0.069067
6.9078 0.041452
6.9999 0.01293
7.092 -0.014122
7.1841 -0.037657
7.2762 -0.056092
7.3683 -0.06839
7.4604 -0.074103
7.5525 -0.073351
7.6446 -0.066762
7.7367 -0.05538
7.8288 -0.040544
7.9209 -0.02375
8.013 -0.0065232
8.1051 0.0097131
8.1972 0.023739
8.2893 0.034621
8.3814 0.041759
8.4735 0.044909
8.5656 0.044168
8.6577 0.039937
8.7498 0.032866
8.8419 0.023772
8.934 0.013565
9.0261 0.0031645
9.1182 -0.0065753
9.2103 -0.014929
9.3024 -0.021346
9.3945 -0.025481
9.4867 -0.027202
9.5788 -0.026582
9.6709 -0.023878
9.763 -0.01949
9.8551 -0.01392
9.9472 -0.0077201
10.039 -0.0014443
10.131 0.0043955
10.223 0.0093678
10.316 0.013149
10.408 0.015539
10.5 0.016468
10.592 0.015991
10.684 0.014269
10.776 0.01155
10.868 0.0081406
10.96 0.0043763
11.052 0.00059118
11.145 -0.0029085
11.237 -0.0058662
11.329 -0.0080916
11.421 -0.0094701
11.513 -0.0099652
11.605 -0.0096148
11.697 -0.0085216
11.789 -0.0068389
11.881 -0.0047538
11.973 -0.0024697
12.066 -0.00018787
12.158 0.0019083
12.25 0.0036665
12.342 0.004975
12.434 0.005768
12.526 0.006027
12.618 0.0057783
12.71 0.0050865
